Case 1: 


----------------Thread Count----------------
1.000000

--------Serial-------- 

0.022137
0.031252
0.031251
0.032256
0.021131
0.031250
0.031252
0.022131
0.031254
0.031252
0.015626
0.037761
0.031252
0.031251
0.033142
0.030522
0.029518
0.032021
0.032021
0.028520
0.031523
0.032519
0.029519
0.028519
0.028519
0.028519
0.028519
0.028519
0.028519
0.029019
0.028519
0.028519
0.028520
0.029019
0.028520
0.028518
0.028019
0.028519
0.028519
0.028519
0.028519
0.028518
0.028519
0.028519
0.028519
0.028519
0.028519
0.028520
0.028518
0.028519

Average:    
0.029017

Standard Deviation:    
0.003246

--------Mutex-------- 

0.028519
0.029520
0.029019
0.029021
0.029071
0.029133
0.029022
0.029018
0.029521
0.029021
0.029213
0.029264
0.029492
0.028868
0.030520
0.029023
0.029019
0.029016
0.029520
0.024137
0.031252
0.031248
0.022137
0.031252
0.031251
0.032261
0.020873
0.031254
0.031253
0.022134
0.031251
0.031255
0.037766
0.031254
0.015623
0.031251
0.037763
0.031252
0.015626
0.037760
0.031251
0.031255
0.015625
0.037757
0.031252
0.031253
0.022134
0.031253
0.031251
0.034261

Average:    
0.029239

Standard Deviation:    
0.004900

--------Read Write Locks-------- 

0.018296
0.031251
0.031252
0.022130
0.031252
0.031253
0.037765
0.031252
0.031253
0.015626
0.037766
0.031249
0.031252
0.022134
0.031256
0.031250
0.036760
0.016631
0.031250
0.031254
0.037336
0.031254
0.031251
0.037306
0.031250
0.031250
0.022138
0.046878
0.031252
0.022136
0.031252
0.031254
0.033755
0.019630
0.031253
0.031251
0.022135
0.031254
0.031252
0.036256
0.017130
0.031252
0.031251
0.037762
0.015628
0.031251
0.037764
0.031250
0.015628
0.031252

Average:    
0.029673

Standard Deviation:    
0.006765

----------------Thread Count----------------
2.000000

--------Serial-------- 


--------Mutex-------- 

0.037444
0.046878
0.037760
0.031254
0.031250
0.037764
0.031252
0.046878
0.022131
0.046881
0.031252
0.037764
0.031250
0.046880
0.021670
0.046877
0.037260
0.031264
0.031248
0.038260
0.031253
0.046881
0.037758
0.031252
0.031252
0.037574
0.031254
0.046875
0.021969
0.046876
0.037758
0.031255
0.031250
0.037260
0.031276
0.046878
0.022631
0.046879
0.031251
0.037720
0.031248
0.031253
0.037283
0.046880
0.036757
0.032270
0.031253
0.038262
0.031255
0.031249

Average:    
0.035761

Standard Deviation:    
0.007177

--------Read Write Locks-------- 

0.015628
0.022139
0.015625
0.015626
0.015627
0.015627
0.015626
0.021135
0.000998
0.015627
0.015627
0.015625
0.015626
0.015626
0.022140
0.015625
0.015628
0.015625
0.015626
0.015624
0.021636
0.000000
0.015766
0.015626
0.015628
0.015624
0.015627
0.022136
0.015627
0.015625
0.015627
0.015626
0.015627
0.016132
0.006003
0.015626
0.015626
0.015625
0.015629
0.015626
0.021630
0.000000
0.015718
0.015626
0.015627
0.015624
0.015628
0.022137
0.015628
0.015626

Average:    
0.015402

Standard Deviation:    
0.004615

----------------Thread Count----------------
4.000000

--------Serial-------- 


--------Mutex-------- 

0.046876
0.037282
0.031247
0.046878
0.022636
0.046879
0.037257
0.031262
0.046879
0.038259
0.031252
0.031253
0.037400
0.046877
0.037261
0.031264
0.031253
0.037757
0.046887
0.031252
0.037785
0.046876
0.038259
0.031256
0.046876
0.021635
0.046891
0.031253
0.037963
0.046879
0.037756
0.031257
0.031248
0.037261
0.046891
0.031252
0.053892
0.031250
0.053392
0.046876
0.037761
0.046880
0.031251
0.037275
0.031251
0.052388
0.032753
0.046878
0.053172
0.046877

Average:    
0.039023

Standard Deviation:    
0.008093

--------Read Write Locks-------- 

0.022138
0.000000
0.015626
0.015625
0.015626
0.015626
0.000000
0.015626
0.016132
0.006002
0.000000
0.015629
0.015626
0.015627
0.000000
0.015624
0.015627
0.022134
0.000000
0.015628
0.000000
0.015626
0.015626
0.000000
0.015625
0.015626
0.000000
0.018131
0.004002
0.000000
0.015627
0.015627
0.000000
0.015625
0.000000
0.015626
0.000000
0.015626
0.000000
0.022133
0.000000
0.015627
0.000000
0.015626
0.000000
0.015626
0.000000
0.015626
0.000000
0.015625

Average:    
0.010027

Standard Deviation:    
0.007986

----------------Thread Count----------------
8.000000

--------Serial-------- 


--------Mutex-------- 

0.037271
0.046877
0.038125
0.031252
0.048383
0.035763
0.031252
0.037760
0.031688
0.046879
0.037759
0.031252
0.050384
0.034031
0.031251
0.037759
0.046882
0.031249
0.037275
0.046877
0.038259
0.031254
0.031250
0.037764
0.046881
0.031250
0.037272
0.046877
0.037761
0.031271
0.031250
0.037758
0.046902
0.031254
0.037789
0.046877
0.037761
0.031271
0.031251
0.038256
0.046881
0.031251
0.037277
0.046878
0.037758
0.031350
0.031250
0.037761
0.046881
0.031251

Average:    
0.037774

Standard Deviation:    
0.006264

--------Read Write Locks-------- 

0.022134
0.000000
0.015629
0.000000
0.015625
0.000000
0.015626
0.015625
0.000000
0.015626
0.000000
0.018631
0.003502
0.000000
0.015628
0.000000
0.015626
0.015625
0.000000
0.015626
0.000000
0.015625
0.000000
0.020632
0.001501
0.000000
0.015627
0.015626
0.000000
0.015626
0.000000
0.015626
0.000000
0.015626
0.000000
0.022132
0.000000
0.015628
0.000000
0.015626
0.000000
0.015626
0.000000
0.015625
0.015626
0.000000
0.018131
0.004001
0.000000
0.015627

Average:    
0.008776

Standard Deviation:    
0.008232
