Case 1: 


----------------Thread Count----------------
1.000000

--------Serial-------- 

0.031622
0.046876
0.037762
0.046876
0.037757
0.046878
0.050387
0.034256
0.046878
0.047154
0.042528
0.042528
0.043029
0.042528
0.043029
0.043527
0.043057
0.042530
0.063042
0.042528
0.042528
0.043029
0.042528
0.042528
0.043027
0.071052
0.065040
0.042528
0.043029
0.042528
0.042528
0.043029
0.042528
0.043029
0.042528
0.043029
0.042528
0.042528
0.043056
0.042529
0.044529
0.039258
0.046876
0.037769
0.046876
0.037766
0.046879
0.050886
0.043029
0.044026

Average:    
0.044356

Standard Deviation:    
0.006570

--------Mutex-------- 

0.034256
0.046879
0.037768
0.046874
0.053392
0.046877
0.037264
0.047234
0.052891
0.031629
0.046877
0.037765
0.046876
0.069020
0.069024
0.046878
0.053385
0.046883
0.053388
0.046876
0.053394
0.046879
0.052883
0.031438
0.046878
0.069019
0.053383
0.031253
0.046877
0.053387
0.031253
0.053391
0.046876
0.053383
0.062507
0.037760
0.046878
0.053382
0.046879
0.053394
0.046876
0.037755
0.046880
0.051884
0.048386
0.053383
0.046879
0.052881
0.047178
0.069021

Average:    
0.048485

Standard Deviation:    
0.009189

--------Read Write Locks-------- 

0.046878
0.069008
0.064506
0.035711
0.069017
0.046877
0.049885
0.034621
0.046878
0.037767
0.046875
0.053384
0.031252
0.052890
0.062872
0.053386
0.031252
0.053382
0.046878
0.031252
0.053392
0.046877
0.037759
0.046879
0.053399
0.084634
0.046877
0.048380
0.051498
0.053389
0.046879
0.031250
0.053392
0.046876
0.037763
0.046878
0.053385
0.062505
0.037763
0.046878
0.053398
0.078124
0.037767
0.046874
0.037763
0.046876
0.037759
0.046878
0.053388
0.046881

Average:    
0.048739

Standard Deviation:    
0.011265

----------------Thread Count----------------
2.000000

--------Serial-------- 


--------Mutex-------- 

0.069015
0.062505
0.052897
0.046880
0.053395
0.046877
0.069035
0.053890
0.062503
0.053393
0.062503
0.068642
0.052884
0.062609
0.052905
0.046879
0.053887
0.046878
0.053386
0.062505
0.053387
0.046877
0.052908
0.064011
0.051847
0.052888
0.047439
0.053390
0.046878
0.053382
0.046880
0.052884
0.062519
0.053399
0.046879
0.053889
0.046875
0.052900
0.046878
0.053397
0.062503
0.037774
0.062505
0.053402
0.046877
0.053887
0.046876
0.053386
0.046879
0.053383

Average:    
0.053809

Standard Deviation:    
0.006823

--------Read Write Locks-------- 

0.031255
0.031249
0.021795
0.015624
0.031254
0.015626
0.022135
0.031254
0.015624
0.031252
0.022135
0.015625
0.031254
0.015623
0.037764
0.015626
0.031253
0.015625
0.015625
0.037761
0.015626
0.031254
0.015624
0.022133
0.031255
0.015624
0.031253
0.022131
0.015630
0.031252
0.015626
0.032253
0.021135
0.015625
0.031252
0.015626
0.021633
0.031359
0.015623
0.031254
0.022130
0.015628
0.031254
0.015623
0.037766
0.015626
0.031253
0.015623
0.015626
0.037760

Average:    
0.023736

Standard Deviation:    
0.007968

----------------Thread Count----------------
4.000000

--------Serial-------- 


--------Mutex-------- 

0.046878
0.052902
0.062503
0.053886
0.046878
0.052905
0.046875
0.053393
0.064513
0.051410
0.053884
0.046879
0.052889
0.046906
0.053386
0.062522
0.053399
0.046877
0.053417
0.046878
0.053887
0.046876
0.052907
0.062502
0.069028
0.053388
0.062653
0.053385
0.062504
0.052894
0.046878
0.069515
0.052886
0.062938
0.052911
0.062502
0.069521
0.052883
0.062520
0.037758
0.062515
0.053399
0.046876
0.053729
0.062503
0.052901
0.046877
0.053451
0.046877
0.052900

Average:    
0.054431

Standard Deviation:    
0.006981

--------Read Write Locks-------- 

0.015625
0.015626
0.015626
0.021635
0.000998
0.015629
0.015625
0.015626
0.015625
0.015626
0.000000
0.022133
0.015627
0.000000
0.015627
0.015625
0.015625
0.015626
0.017129
0.005004
0.015628
0.015626
0.015625
0.015626
0.000000
0.015626
0.022132
0.000000
0.015628
0.015626
0.015625
0.015626
0.015626
0.000000
0.022132
0.015628
0.015626
0.000000
0.015625
0.015626
0.015626
0.019631
0.002501
0.015628
0.015626
0.015626
0.015626
0.015626
0.022132
0.000000

Average:    
0.013422

Standard Deviation:    
0.006617

----------------Thread Count----------------
8.000000

--------Serial-------- 


--------Mutex-------- 

0.046874
0.052906
0.046876
0.053399
0.064507
0.051397
0.053884
0.046879
0.052884
0.046892
0.053385
0.062516
0.053395
0.046878
0.053862
0.062506
0.052894
0.046876
0.053425
0.046876
0.053891
0.066507
0.048913
0.053888
0.046877
0.052885
0.062519
0.053797
0.046878
0.053387
0.046878
0.053385
0.062504
0.053118
0.046877
0.052897
0.064010
0.052383
0.053384
0.046879
0.052885
0.046885
0.053884
0.062506
0.052909
0.046876
0.053397
0.046877
0.053888
0.062503

Average:    
0.053072

Standard Deviation:    
0.005598

--------Read Write Locks-------- 

0.022136
0.000000
0.015627
0.015625
0.015626
0.015626
0.015626
0.000000
0.022132
0.015627
0.015627
0.015625
0.015626
0.000000
0.015626
0.022133
0.000000
0.015627
0.015626
0.015625
0.015626
0.015626
0.000000
0.022133
0.015627
0.015626
0.000000
0.015626
0.015626
0.015626
0.021635
0.015723
0.015626
0.015625
0.015626
0.015626
0.017130
0.005003
0.015629
0.015625
0.015626
0.015626
0.015626
0.016630
0.005502
0.015629
0.015625
0.015626
0.015628
0.015625

Average:    
0.014029

Standard Deviation:    
0.005936
