Case 1: 


----------------Thread Count----------------
1.000000

--------Serial-------- 

0.069018
0.115892
0.100262
0.120427
0.110073
0.110574
0.111574
0.110272
0.110073
0.124088
0.134086
0.119077
0.111573
0.110073
0.111075
0.111075
0.110073
0.110071
0.110618
0.099066
0.115964
0.116156
0.110574
0.110074
0.146099
0.110573
0.110073
0.130587
0.146597
0.110073
0.110570
0.110074
0.111575
0.110575
0.110574
0.130083
0.110575
0.110073
0.110572
0.110573
0.110073
0.110574
0.102033
0.135026
0.118897
0.100266
0.115893
0.115892
0.115892
0.100261

Average:    
0.113317

Standard Deviation:    
0.011805

--------Mutex-------- 

0.084553
0.100263
0.115894
0.115890
0.138031
0.131051
0.116391
0.115887
0.100271
0.138028
0.115891
0.131519
0.115891
0.100265
0.122394
0.131524
0.131513
0.115892
0.117902
0.104410
0.131524
0.131522
0.115888
0.120904
0.101770
0.115895
0.115894
0.100267
0.115889
0.115887
0.115887
0.115889
0.106403
0.115890
0.115525
0.100264
0.115886
0.115894
0.131518
0.121788
0.115896
0.115888
0.131514
0.100263
0.126396
0.112076
0.112073
0.113029
0.112768
0.106779

Average:    
0.116211

Standard Deviation:    
0.011072

--------Read Write Locks-------- 

0.097261
0.103268
0.115892
0.100269
0.115894
0.115894
0.100267
0.115894
0.134529
0.119300
0.115895
0.115893
0.100269
0.115891
0.115891
0.100264
0.122397
0.147154
0.115890
0.115891
0.100267
0.122397
0.100269
0.115887
0.131523
0.115891
0.115888
0.100262
0.122397
0.100268
0.115897
0.115885
0.100267
0.115898
0.131518
0.122404
0.115901
0.115887
0.115892
0.100268
0.115468
0.138028
0.115891
0.115895
0.131527
0.115894
0.100263
0.145922
0.111074
0.111573

Average:    
0.115206

Standard Deviation:    
0.011697

----------------Thread Count----------------
2.000000

--------Serial-------- 


--------Mutex-------- 

0.126403
0.131044
0.184923
0.169332
0.200530
0.162279
0.138537
0.162310
0.238303
0.146663
0.116390
0.131556
0.122399
0.200055
0.131539
0.169329
0.147640
0.168781
0.132018
0.153649
0.131520
0.131521
0.137635
0.131077
0.131024
0.122910
0.147146
0.131024
0.154193
0.131517
0.115420
0.185002
0.184460
0.231785
0.138047
0.162766
0.153694
0.146651
0.169291
0.184931
0.216671
0.184914
0.131516
0.169321
0.184652
0.115889
0.115892
0.200094
0.200569
0.184910

Average:    
0.157194

Standard Deviation:    
0.031078

--------Read Write Locks-------- 

0.084638
0.078631
0.052569
0.069014
0.062504
0.068544
0.069514
0.062503
0.069021
0.053386
0.078129
0.069017
0.069015
0.062504
0.084151
0.053888
0.080135
0.051383
0.069012
0.062504
0.069012
0.069013
0.062505
0.069012
0.053383
0.078133
0.053386
0.069012
0.062506
0.069017
0.069015
0.062504
0.069014
0.069015
0.062505
0.069014
0.069012
0.062505
0.069013
0.068510
0.062913
0.069010
0.069016
0.062505
0.069013
0.069011
0.062506
0.069011
0.069016
0.062503

Average:    
0.066793

Standard Deviation:    
0.007346

----------------Thread Count----------------
4.000000

--------Serial-------- 


--------Mutex-------- 

0.132030
0.121408
0.115906
0.115897
0.131970
0.200551
0.137547
0.131528
0.116390
0.131529
0.121903
0.116390
0.246937
0.253594
0.163775
0.152647
0.153151
0.162828
0.138045
0.147168
0.131059
0.223204
0.246952
0.254427
0.216187
0.115403
0.116391
0.131518
0.169231
0.184547
0.168823
0.146665
0.153193
0.163296
0.200555
0.215687
0.201030
0.153169
0.167827
0.163792
0.154170
0.147139
0.237835
0.163317
0.153199
0.247942
0.184943
0.153157
0.116172
0.146659

Average:    
0.164374

Standard Deviation:    
0.041386

--------Read Write Locks-------- 

0.053891
0.046875
0.037758
0.046881
0.051882
0.032755
0.046878
0.037760
0.031251
0.053385
0.031252
0.046878
0.037759
0.031252
0.049382
0.035255
0.031252
0.037758
0.046879
0.031252
0.037760
0.046878
0.037758
0.031253
0.046877
0.037761
0.031252
0.050384
0.034255
0.031251
0.037758
0.046880
0.031251
0.037760
0.046878
0.037758
0.031252
0.046878
0.037760
0.031252
0.053383
0.031253
0.046878
0.037759
0.031252
0.048882
0.035756
0.031251
0.037758
0.046879

Average:    
0.039803

Standard Deviation:    
0.007477

----------------Thread Count----------------
8.000000

--------Serial-------- 


--------Mutex-------- 

0.115424
0.137021
0.117396
0.115891
0.131309
0.115892
0.122409
0.131027
0.116391
0.115890
0.136523
0.116983
0.246935
0.154152
0.146659
0.154160
0.162278
0.169325
0.168795
0.182445
0.149203
0.115425
0.115906
0.169815
0.131034
0.138033
0.115913
0.131577
0.115890
0.121921
0.131121
0.231842
0.138024
0.247006
0.184934
0.200548
0.246967
0.253494
0.231839
0.254423
0.181403
0.134566
0.185409
0.246516
0.253959
0.246971
0.238824
0.200582
0.198040
0.164790

Average:    
0.166658

Standard Deviation:    
0.048389

--------Read Write Locks-------- 

0.038261
0.031253
0.046877
0.037761
0.031251
0.050883
0.033754
0.046879
0.037762
0.046878
